{"run_id": "21:56:32-05/18/2022", "exp_name": "BO_EVO_proposal-function=UCB", "encoder_name": "TAPE_transformer", "model_name": "GPyTorch", "landscape_name": "GB1_combo", "rounds": 5, "expmt_queries_per_round": 384, "model_queries_per_round": 3072}
sequence,model_score,true_score,round
KDTF,-0.33645487,0.0004041476694872,1
QYYI,-0.3362147,0.0026812313494874,1
WTNY,-0.3354479,0.0002963021200867,1
LSKC,-0.33572805,0.0002712228161237,1
DDIA,-0.33410153,0.0,1
PPYT,-0.33736095,0.0,1
TSST,-0.33917305,5.946964647632261e-05,1
ILEK,-0.3344619,0.0004703914808405,1
VKAP,-0.3352532,0.0014576436956533,1
FQDE,-0.33594522,0.0,1
WFML,-0.3277591,0.0080122449409427,1
SFPN,-0.33576944,0.0004837273012018,1
RDAL,-0.33578235,0.0002680465881981,1
MTSV,-0.32584965,0.0008434510348644,1
EVYE,-0.3333046,0.0,1
AWWP,-0.33903715,0.0,1
ENCP,-0.33091035,0.0014587009926531,1
RPFN,-0.33453885,0.0005812354441851,1
YRNI,-0.3338674,0.000807997118221,1
AFIT,-0.3356846,0.0002792949774145,1
GNST,-0.3359806,0.0001193933006669,1
TAGY,-0.3354734,0.000695134087387,1
VVVV,-0.34122851,0.0015058703170064,1
SVFE,-0.33618283,0.0003885842667813,1
SKFM,-0.3362432,0.000327550131178,1
HCLP,-0.32675666,0.0015477594334912,1
QYFQ,-0.3346964,0.0,1
HAFK,-0.33612448,0.0001818664969211,1
AHVC,-0.3351408,0.0,1
RWFC,-0.3356512,0.0026298213100414,1
MRLS,-0.32496616,0.0361059399706005,1
VCPL,-0.32575393,0.0013884531710837,1
FDWS,-0.33691195,0.0011878873312945,1
MVPC,-0.32510677,0.0018521664700759,1
LWFR,-0.33566338,0.0006960439288898,1
GGEA,-0.3335757,5.507223138561e-05,1
ERKH,-0.33468813,0.0007109325971546,1
RTNV,-0.33482793,0.0001537151653953,1
NSIF,-0.33475253,0.0001861965755233,1
WCNC,-0.32781807,0.0013367962692229,1
MFTG,-0.32570022,0.0007356480558202,1
EMHM,-0.32727894,0.0,1
MYYY,-0.3268199,0.0001308829599457,1
EHNR,-0.3342546,0.0,1
CHAN,-0.33062762,0.0014290827528438,1
YLSN,-0.33402488,0.0005455993766337,1
DPFT,-0.3359446,0.0008689175807013,1
FTYR,-0.3346562,0.0001587869725382,1
PTMA,-0.32093287,0.0004327415957632,1
CPLV,-0.32991442,0.0013123035916177,1
TGCK,-0.33246154,0.0,1
YEHK,-0.33346927,0.0,1
TIVK,-0.33487278,0.0002696640334788,1
WFNA,-0.32955617,0.0005327669821215,1
CEGQ,-0.33091322,0.0019806767889024,1
VKER,-0.33420828,0.000403106122378,1
QHHQ,-0.33834666,0.0,1
FDKP,-0.33720082,0.0,1
NECT,-0.3310304,0.0011906275839892,1
MFIM,-0.3252579,0.0001466298831153,1
QEEK,-0.33642352,0.0003495087883508,1
RLCV,-0.33141547,0.0017685390023628,1
IVHY,-0.33413354,0.0004715734074089,1
NEWN,-0.33425173,0.0,1
YMTG,-0.32752788,0.0003554662415125,1
QKPT,-0.33516625,0.0001637750085241,1
RRDE,-0.33916268,0.0002342351112269,1
ICRW,-0.32693055,0.0012108786334644,1
MDLI,-0.32602912,0.0009826502794043,1
SYHS,-0.3348749,0.0003658600279727,1
KESI,-0.33487725,0.0003147776547276,1
DRYE,-0.33524784,0.0,1
RKFC,-0.336446,0.0015178559837075,1
FMIP,-0.32812428,0.000203123599187,1
MPAQ,-0.3247983,0.0002218512462062,1
CRGH,-0.33093345,0.0058835797838009,1
SMME,-0.32343698,0.0005930054058636,1
YQQY,-0.33617607,0.0,1
EWLF,-0.33487776,0.0021573126102196,1
VQDR,-0.33383965,0.0,1
LGYV,-0.33437014,0.0009616230342366,1
GQWK,-0.3350376,0.0,1
WTYI,-0.33498064,0.0008032893846348,1
DKMG,-0.32839805,0.0005393281810873,1
KCFM,-0.32765552,0.0011444280192006,1
FDVT,-0.33643633,0.0005969662750752,1
TIAV,-0.33549625,0.001084891264495,1
YHGN,-0.3340613,0.0920453378458209,1
KHYE,-0.33455297,0.0007274658735548,1
GPPC,-0.33847645,0.0009479101295395,1
IEWR,-0.33450606,0.0,1
SDCG,-0.3331608,0.0658276678595554,1
TPHF,-0.33492598,0.0,1
PSVS,-0.33441803,0.0003006534268022,1
GKLC,-0.33617297,0.0005774959864782,1
MLPA,-0.3182559,0.0007878617962024,1
PMEA,-0.3207529,0.0002776422660746,1
VYVR,-0.33408037,0.0002086666476201,1
QVDW,-0.33506766,4.593398511262095e-05,1
KFKV,-0.33828545,0.0,1
FFVS,-0.3397532,0.0007689535960901,1
APFW,-0.33568063,0.0,1
AYIK,-0.33487424,0.0,1
VERQ,-0.33344516,0.0009575826166648,1
RMPG,-0.3274341,0.0003122898568001,1
ECGC,-0.3272728,0.1190417079854393,1
ASYY,-0.3343623,0.0,1
TTPN,-0.3392168,0.0008020777843596,1
HHMA,-0.32474366,0.0836022839804657,1
SSAT,-0.340258,0.0007237766328902,1
RQFP,-0.33540297,0.0003746231301137,1
QHGT,-0.33522722,0.0361212254676292,1
YMWA,-0.3210694,0.0009214568188213,1
QCIL,-0.32583365,0.0007894267418479,1
WVRK,-0.33466017,0.0004455788978499,1
KIAP,-0.33577305,0.0003434959823129,1
LCPA,-0.31970388,0.0058164278428895,1
QDRP,-0.33497366,0.0002646449542303,1
RAYG,-0.33493558,0.065172634933688,1
NVVL,-0.33624595,0.0002454934297222,1
YITK,-0.33487892,0.0,1
EEVQ,-0.3372834,0.0004698867995654,1
GDKI,-0.33723527,0.0003036993186771,1
PLDH,-0.33502343,0.0001368972496689,1
SVTC,-0.33552048,0.0004468718725596,1
FGGG,-0.34038043,0.0240017987123687,1
LCTM,-0.32627973,0.0007473284257301,1
YDVL,-0.33436385,0.0004153316895858,1
EHDR,-0.33481774,0.0,1
PGMC,-0.3279371,0.0004344587903506,1
CECK,-0.32888135,0.0004500867904337,1
DFQV,-0.33592612,0.0,1
EVFQ,-0.33466995,0.0002958017757379,1
PMFS,-0.32771719,0.0003518316689462,1
CLEP,-0.3301804,0.0010075538237193,1
MDLT,-0.32628122,0.1222634401980815,1
MWSH,-0.32604113,0.0005052118638434,1
NVRA,-0.32748362,0.0003935899928617,1
NNQP,-0.33781803,0.0003959624057216,1
SIER,-0.33523577,0.0001761319389494,1
ENRQ,-0.33394387,8.363910893649365e-05,1
PPST,-0.33834922,0.000385128991882,1
HVHW,-0.33723974,0.0,1
HLRD,-0.3352222,0.0131709611211468,1
GGYS,-0.33959967,0.0002187485177698,1
NTHT,-0.3354149,0.0002639750132341,1
RPMN,-0.326024,0.0002434321342653,1
TRVF,-0.33397835,0.0,1
GRNY,-0.3347816,0.0,1
VINI,-0.3340875,0.0002085401919772,1
WWWK,-0.3457616,0.0009001735808675,1
AIAI,-0.3367285,0.001303376371052,1
TSKN,-0.33535957,0.0,1
PTDA,-0.3293484,8.477241627754676e-05,1
SWWI,-0.34027842,0.0,1
SQIH,-0.3342509,0.0,1
GEPF,-0.33459935,0.0,1
HCLV,-0.32666612,0.0053045142864915,1
IGRP,-0.33565998,0.0002656563711141,1
YYVW,-0.33724734,0.0001468592836949,1
ENFA,-0.32805204,0.0045646142167439,1
NGDQ,-0.33643827,0.0,1
MKLI,-0.32513973,0.0017664583048669,1
MFKG,-0.32617024,9.566061234513472e-05,1
WFKL,-0.33618033,0.0014279027664794,1
YHWF,-0.33399773,0.0002334405406621,1
RKDW,-0.33683386,7.141787865505873e-05,1
TIAP,-0.33558524,0.0006433116975458,1
FIYV,-0.33511317,0.0248180095126362,1
QPQV,-0.3353873,9.993944673822858e-05,1
LRRV,-0.33761752,0.0007741793641196,1
REDA,-0.328487,0.0003473832379057,1
IGPW,-0.33634722,0.0002673592994964,1
ASLT,-0.33535978,0.1932887696084802,1
KFQA,-0.32974973,0.0004812466934417,1
PLSP,-0.33469874,0.0003167699017513,1
KVMV,-0.3276847,0.0005161277934139,1
GDQY,-0.33527863,0.0,1
VTKH,-0.33459416,0.0,1
ANDY,-0.33504477,0.0,1
HNRK,-0.3347413,0.0002731968024048,1
FVTG,-0.3353412,0.0007232608810399,1
ELKW,-0.33521283,0.0,1
DHER,-0.3349802,0.0007447865303524,1
YMCG,-0.32404384,0.1474210552418079,1
DQNS,-0.3347166,0.0,1
IKFK,-0.3355584,0.0006405672220544,1
FEKS,-0.3348455,0.0,1
HSDP,-0.3360121,0.0003402423744903,1
MRNN,-0.32447767,0.0003861856041039,1
QQAC,-0.33846828,0.0017921424959303,1
DGVN,-0.33584538,0.0,1
WHEF,-0.33496788,0.0005128037676024,1
CAGF,-0.33119357,0.1292993536472268,1
YWTF,-0.3342976,0.0003554662415125,1
YTLE,-0.33442175,0.000450627080157,1
RHAY,-0.3346227,0.0003410704991697,1
QPEG,-0.3340244,0.0002760090709033,1
TCIQ,-0.3267437,0.0034001122772718,1
QQMH,-0.3304282,0.0,1
VRIM,-0.33386958,0.0001757361373524,1
SSVS,-0.33951655,0.0003005164712323,1
KVWI,-0.33569577,0.000536892198017,1
ETGR,-0.33508456,0.000380761592887,1
HRRE,-0.33819428,0.0005262230167317,1
WWWF,-0.34557274,0.0071685699837214,1
QCCY,-0.32562435,0.0018400607389917,1
TNAN,-0.33476824,0.0007191041653633,1
REGA,-0.32810292,0.0027398614583202,1
EARG,-0.33468726,0.0004398895352164,1
WSEH,-0.33545104,0.0002355753356082,1
WREC,-0.33495444,0.0008020777843596,1
GMRA,-0.32177436,0.0002716714597448,1
MWLH,-0.32559726,0.0029049680173729,1
KSTP,-0.33576825,0.0004020052278552,1
IFFC,-0.3392545,0.006175998756962,1
KTWV,-0.33601522,0.0013722837399809,1
FVHP,-0.33572182,0.0002731968024048,1
WVMV,-0.32720706,0.1621181931964423,1
AAHL,-0.33928877,0.0029791460072803,1
YRQA,-0.3276988,0.0005783858552937,1
TPHL,-0.33497372,0.0,1
NCCH,-0.3264734,0.0006800224098025,1
MENR,-0.32403326,0.0005224389343349,1
QEAW,-0.3342772,7.483503425409912e-05,1
PYYS,-0.3363979,0.0,1
WLDK,-0.3368932,0.000498189124607,1
EMEK,-0.32869127,0.0,1
NQYY,-0.33320266,0.0,1
YQKP,-0.3345031,0.0004739550647697,1
MVWG,-0.32540426,0.005614544376388,1
DIKF,-0.3361076,0.0,1
WFWP,-0.3378699,0.0005990539344793,1
FLKS,-0.33580628,0.0002708314655827,1
YALH,-0.33424038,0.000695134087387,1
APLF,-0.333869,0.0028437302744889,1
KYMY,-0.32677573,0.0,1
QKLK,-0.33485934,0.000516432177168,1
GRVY,-0.33444095,0.0001644206399066,1
MQKY,-0.325124,0.0,1
HWLG,-0.33594966,0.5387570978171385,1
AVPP,-0.33430398,0.0,1
GGTY,-0.34015375,0.0,1
QQCF,-0.33463126,0.0005939436656472,1
IKLN,-0.33464977,0.0009501248152347,1
VKFP,-0.33564505,0.0075664068546766,1
LMFD,-0.32773983,0.0024062332389493,1
IRDM,-0.33522666,0.0005977267208772,1
YGHF,-0.33449534,0.0,1
TDAY,-0.3356184,0.0007820257769793,1
VNVD,-0.33424094,0.0,1
IRNT,-0.33469278,0.0006815821054845,1
GCSM,-0.32787403,0.0015447423022859,1
YLAT,-0.3342263,0.0519515391718399,1
QRYM,-0.3339218,0.0005529474994783,1
ISDL,-0.33570182,0.0004466660968158,1
QQNH,-0.33771017,0.0,1
RKFQ,-0.33624396,0.0004827319765974,1
TSEN,-0.3344851,0.0,1
KATM,-0.3359123,5.310874503158405e-05,1
NFLL,-0.3350619,0.0002402537378765,1
GNVN,-0.33436,0.0002463072881964,1
HTDE,-0.3359489,0.000178748703372,1
LPDS,-0.33467874,0.000191908193437,1
MFTQ,-0.32571626,5.292899084606958e-05,1
LTGC,-0.33613628,0.1147470699467439,1
YWCA,-0.32463467,0.6818925132294539,1
QNDT,-0.33472526,0.000295661966927,1
KGLQ,-0.3361398,0.0002685616552706,1
KRSQ,-0.33623132,0.0001992422783356,1
FEGM,-0.3348776,0.0472543260559888,1
WTKK,-0.33616173,0.0004455987564076,1
YLCY,-0.32991862,0.0009213853736657,1
EEHN,-0.33764005,0.0004533482732016,1
IYEH,-0.33402392,0.000296502645867,1
EAAE,-0.33797884,0.0002226407950668,1
FIGQ,-0.336539,0.0080679586950437,1
FYFC,-0.33733058,0.0166388472317472,1
RYAH,-0.33456305,0.0003200106129245,1
SENW,-0.3350682,0.0,1
NHLY,-0.33458865,0.0001797760984056,1
PDVT,-0.33540222,0.0,1
PEKM,-0.33437634,0.0,1
YHHC,-0.3373665,0.0013600449337346,1
SLKF,-0.3356714,0.000430868271826,1
DVHQ,-0.33567768,0.0,1
QHHT,-0.33829007,0.0015458649955703,1
IGVP,-0.33528784,0.0002846317935852,1
ILAY,-0.3345451,0.0006531461346326,1
MIDW,-0.3266228,0.0006763466364356,1
NRPI,-0.334144,0.0004385191806097,1
GRSG,-0.3361826,0.0001342533223917,1
VVHE,-0.3379889,0.0,1
TQTV,-0.33602265,0.0,1
PNGE,-0.33535525,0.0004320584157286,1
HDMN,-0.32751593,0.0003191942435981,1
CKQC,-0.33147642,0.0006655538527484,1
CLLK,-0.33357784,0.0015242393686917,1
PGAK,-0.33550462,0.0004634227249246,1
ICAW,-0.32697967,0.0032755008552615,1
DAGP,-0.3366116,0.0,1
KQHH,-0.33547822,0.0001873116221217,1
PAQR,-0.33411053,0.0003861856041039,1
AERS,-0.3340051,0.0009479101295395,1
EMTG,-0.3277182,0.0004010388921798,1
MTWC,-0.32643378,0.001714029201851,1
QFNY,-0.33462232,0.0,1
QMLD,-0.32717785,0.0,1
TFPQ,-0.33554214,0.0,1
QPPC,-0.33728078,0.0010937423605897,1
DRGP,-0.33617178,0.0007603029116461,1
MMEK,-0.3214641,0.0,1
HCDT,-0.3271649,0.00055462828671,1
IKVC,-0.33525604,0.0025419081601567,1
MRKV,-0.32561886,9.805961741149288e-05,1
VWHI,-0.33464608,0.0,1
RRLS,-0.33835402,0.0007713524870269,1
APLP,-0.3340573,0.0,1
NQCL,-0.33095664,0.0004115925742679,1
TGSP,-0.3366833,0.0003616303834551,1
GQGR,-0.33617684,0.0001012331062257,1
MHGK,-0.3255647,0.0011479278046601,1
QMTE,-0.3277902,0.0004437026065421,1
LDYE,-0.3354832,0.0,1
MAEC,-0.3254125,0.0,1
NEAN,-0.33371976,0.0005072600343915,1
FWFE,-0.33782154,0.0,1
CFCC,-0.3298068,0.1758555495986071,1
GTEN,-0.3353453,0.0003241558015072,1
MLEN,-0.32437783,0.0001936905560498,1
PMNW,-0.32802236,0.0002351957404202,1
DSLR,-0.33565006,6.80022067413591e-05,1
IGNR,-0.33532792,0.0,1
HFSC,-0.33695808,0.0007471583725641,1
YRFK,-0.33494964,0.0003723932651762,1
GHVC,-0.3356547,0.0005939436656472,1
CGWN,-0.3315751,0.0012240404061223,1
TPPS,-0.33748016,0.0003128102879658,1
RHRF,-0.33627746,0.0001913213388199,1
AMRK,-0.32779688,0.0,1
CYNW,-0.33065617,0.0004739550647697,1
AKKS,-0.33959275,0.0,1
NWCA,-0.32591906,0.056259170870231,1
KHPC,-0.33571327,0.0009337621626486,1
GPPV,-0.338018,0.0001266438426678,1
FQRA,-0.3292624,0.0028239820802146,1
TVWV,-0.33472818,0.0004285072719303,1
VKCF,-0.33159757,0.0011633442083877,1
AIGM,-0.33573416,0.0790257669551404,1
LKYP,-0.33431414,0.0013211865298824,1
CQEN,-0.32977754,0.0007537598592933,1
GGHH,-0.34021685,0.0,1
KCLE,-0.3273793,0.0010340837154269,1
SQYP,-0.3338999,0.0002550084179421,1
CKLE,-0.33123958,0.000923652558996,1
EGPL,-0.3348378,0.0002709618016334,1
INIT,-0.3360601,0.0007651476008022,1
WINN,-0.33536562,0.0005455993766337,1
RCLS,-0.32627243,0.0024736752974097,1
MFHQ,-0.32605624,0.0004500867904337,1
NMPW,-0.32805195,0.000340011261966,1
NNIM,-0.33802214,0.0003514722747048,1
HNQG,-0.33473986,0.0,1
HMRI,-0.32760963,0.0005058927612852,1
DFNE,-0.33648902,0.0,1
EWCT,-0.33185077,0.0204529829305233,1
VVHW,-0.33844584,0.0,1
DDCS,-0.33658767,0.0,1
IKAQ,-0.33551642,0.0007835326306373,1
QPNC,-0.33453444,0.0001967361055358,1
KEFY,-0.33442554,0.0003272073998642,1
NLSC,-0.33559564,0.0005499962210762,1
SPAT,-0.3351411,0.00023919221808,1
FDMG,-0.3287617,0.103468031443286,1
VRFV,-0.33476824,0.0216753274843012,1
FEGK,-0.33506224,0.0,1
QKFF,-0.3354851,0.0010975800839181,1
HRFW,-0.3365421,8.68918037219935e-05,1
YRGK,-0.33480483,0.0004485807356832,1
STHN,-0.335623,0.000145493151885,1
DNYV,-0.33461908,0.0,1
DWLC,-0.33689466,0.0,1
MGWR,-0.32590234,0.0002325726988674,1
QCMN,-0.31812686,0.0,1
KDTF,-0.007223027,0.0004041476694872,2
QYYI,-0.017309086,0.0026812313494874,2
WTNY,0.0015584063,0.0002963021200867,2
LSKC,0.028902156,0.0002712228161237,2
DDIA,0.04525958,0.0,2
PPYT,-0.04031171,0.0,2
TSST,0.034128293,5.946964647632261e-05,2
ILEK,-0.034040347,0.0004703914808405,2
VKAP,0.058893308,0.0014576436956533,2
FQDE,-0.030904667,0.0,2
WFML,0.03666888,0.0080122449409427,2
SFPN,-0.0022715498,0.0004837273012018,2
RDAL,0.0331441,0.0002680465881981,2
MTSV,0.019189937,0.0008434510348644,2
EVYE,-0.038953677,0.0,2
AWWP,0.016901119,0.0,2
ENCP,0.050127134,0.0014587009926531,2
RPFN,-0.020772832,0.0005812354441851,2
YRNI,-0.0011423994,0.000807997118221,2
AFIT,-0.00075330026,0.0002792949774145,2
GNST,0.0053578448,0.0001193933006669,2
TAGY,0.012636287,0.000695134087387,2
VVVV,0.0010777544,0.0015058703170064,2
SVFE,0.014879329,0.0003885842667813,2
SKFM,0.023958309,0.000327550131178,2
HCLP,-0.0084742475,0.0015477594334912,2
QYFQ,0.006692989,0.0,2
HAFK,0.022569759,0.0001818664969211,2
AHVC,-0.0138300825,0.0,2
RWFC,0.042581663,0.0026298213100414,2
MRLS,0.04804431,0.0361059399706005,2
VCPL,-0.008970158,0.0013884531710837,2
FDWS,-0.008397954,0.0011878873312945,2
MVPC,-0.002179997,0.0018521664700759,2
LWFR,0.023035152,0.0006960439288898,2
GGEA,0.030428035,5.507223138561e-05,2
ERKH,-0.008504765,0.0007109325971546,2
RTNV,-0.0090922285,0.0001537151653953,2
NSIF,-0.006475346,0.0001861965755233,2
WCNC,0.016824825,0.0013367962692229,2
MFTG,0.046869382,0.0007356480558202,2
EMHM,-0.054624453,0.0,2
MYYY,-0.00013531931,0.0001308829599457,2
EHNR,-0.041532412,0.0,2
CHAN,0.023454769,0.0014290827528438,2
YLSN,-0.0024622846,0.0005455993766337,2
DPFT,-0.010282414,0.0008689175807013,2
FTYR,-0.026647465,0.0001587869725382,2
PTMA,0.06830798,0.0004327415957632,2
CPLV,-0.03011121,0.0013123035916177,2
TGCK,0.062349424,0.0,2
YEHK,-0.057508364,0.0,2
TIVK,-0.02393903,0.0002696640334788,2
WFNA,0.08972369,0.0005327669821215,2
CEGQ,-0.04396619,0.0019806767889024,2
VKER,-0.019803898,0.000403106122378,2
QHHQ,-0.022878544,0.0,2
FDKP,-0.012159245,0.0,2
NECT,0.037378415,0.0011906275839892,2
MFIM,0.0068226885,0.0001466298831153,2
QEEK,-0.064565554,0.0003495087883508,2
RLCV,0.07036792,0.0017685390023628,2
IVHY,-0.024038212,0.0004715734074089,2
NEWN,-0.052183047,0.0,2
YMTG,-0.011930363,0.0003554662415125,2
QKPT,-0.022107976,0.0001637750085241,2
RRDE,-0.013082402,0.0002342351112269,2
ICRW,-0.018606083,0.0012108786334644,2
MDLI,0.01549731,0.0009826502794043,2
SYHS,0.007875545,0.0003658600279727,2
KESI,-0.025899785,0.0003147776547276,2
DRYE,-0.0020350385,0.0,2
RKFC,0.014902217,0.0015178559837075,2
FMIP,-0.047140017,0.000203123599187,2
MPAQ,0.031229122,0.0002218512462062,2
CRGH,0.0022069048,0.0058835797838009,2
SMME,-0.0013636518,0.0005930054058636,2
YQQY,-0.044500247,0.0,2
EWLF,0.011324031,0.0021573126102196,2
VQDR,-0.010602849,0.0,2
LGYV,-0.018331425,0.0009616230342366,2
GQWK,-0.02634229,0.0,2
WTYI,-0.005254643,0.0008032893846348,2
DKMG,0.04007922,0.0005393281810873,2
KCFM,0.012422664,0.0011444280192006,2
FDVT,-0.019109624,0.0005969662750752,2
TIAV,0.039896116,0.001084891264495,2
YHGN,-0.02079572,0.0920453378458209,2
KHYE,-0.019391911,0.0007274658735548,2
GPPC,-0.048551455,0.0009479101295395,2
IEWR,-0.05718793,0.0,2
SDCG,0.110475644,0.0658276678595554,2
TPHF,-0.04330243,0.0,2
PSVS,0.008600337,0.0003006534268022,2
GKLC,0.012369258,0.0005774959864782,2
MLPA,0.061800107,0.0007878617962024,2
PMEA,0.008722408,0.0002776422660746,2
VYVR,-0.0124186445,0.0002086666476201,2
QVDW,-0.015645878,4.593398511262095e-05,2
KFKV,0.014940364,0.0,2
FFVS,-0.000806706,0.0007689535960901,2
APFW,-0.012411015,0.0,2
AYIK,-0.0243205,0.0,2
VERQ,-0.022779362,0.0009575826166648,2
RMPG,-0.028005498,0.0003122898568001,2
ECGC,-0.017339604,0.1190417079854393,2
ASYY,0.015520198,0.0,2
TTPN,-0.031095402,0.0008020777843596,2
HHMA,0.06469928,0.0836022839804657,2
SSAT,0.08671771,0.0007237766328902,2
RQFP,-0.004941838,0.0003746231301137,2
QHGT,-0.007093327,0.0361212254676292,2
YMWA,0.026437862,0.0009214568188213,2
QCIL,-0.022352116,0.0007894267418479,2
WVRK,-0.0062083174,0.0004455788978499,2
KIAP,0.043817624,0.0003434959823129,2
LCPA,0.032564268,0.0058164278428895,2
QDRP,-0.018369572,0.0002646449542303,2
RAYG,0.034349546,0.065172634933688,2
NVVL,-0.028684514,0.0002454934297222,2
YITK,-0.02256574,0.0,2
EEVQ,-0.069730654,0.0004698867995654,2
GDKI,-0.013959782,0.0003036993186771,2
PLDH,-0.019979374,0.0001368972496689,2
SVTC,0.013116939,0.0004468718725596,2
FGGG,0.014764888,0.0240017987123687,2
LCTM,-0.018033879,0.0007473284257301,2
YDVL,-0.029058354,0.0004153316895858,2
EHDR,-0.05380048,0.0,2
PGMC,0.006982906,0.0004344587903506,2
CECK,0.028940303,0.0004500867904337,2
DFQV,-0.01045789,0.0,2
EVFQ,-0.012037175,0.0002958017757379,2
PMFS,-0.0090540815,0.0003518316689462,2
CLEP,-0.039258853,0.0010075538237193,2
MDLT,0.026186092,0.1222634401980815,2
MWSH,0.050401792,0.0005052118638434,2
NVRA,0.044328794,0.0003935899928617,2
NNQP,-0.035360232,0.0003959624057216,2
SIER,-0.027257817,0.0001761319389494,2
ENRQ,-0.032796755,8.363910893649365e-05,2
PPST,-0.028203862,0.000385128991882,2
HVHW,-0.022230046,0.0,2
HLRD,-0.01700391,0.0131709611211468,2
GGYS,-0.00755872,0.0002187485177698,2
NTHT,-0.021116154,0.0002639750132341,2
RPMN,-0.018743413,0.0002434321342653,2
TRVF,-0.0071619917,0.0,2
GRNY,0.0040989947,0.0,2
VINI,0.014474971,0.0002085401919772,2
WWWK,0.023416622,0.0009001735808675,2
AIAI,0.039392576,0.001303376371052,2
TSKN,0.023866756,0.0,2
PTDA,0.0423833,8.477241627754676e-05,2
SWWI,0.02520953,0.0,2
SQIH,-0.012906926,0.0,2
GEPF,-0.06425275,0.0,2
HCLV,-0.004865544,0.0053045142864915,2
IGRP,-0.02306928,0.0002656563711141,2
YYVW,-0.031209843,0.0001468592836949,2
ENFA,0.059419736,0.0045646142167439,2
NGDQ,-0.029409306,0.0,2
MKLI,0.019388301,0.0017664583048669,2
MFKG,0.05229388,9.566061234513472e-05,2
WFKL,0.021059139,0.0014279027664794,2
YHWF,-0.033590212,0.0002334405406621,2
RKDW,-0.018674748,7.141787865505873e-05,2
TIAP,0.036272153,0.0006433116975458,2
FIYV,-0.011785405,0.0248180095126362,2
QPQV,-0.048025027,9.993944673822858e-05,2
LRRV,-0.0013331342,0.0007741793641196,2
REDA,0.018625362,0.0003473832379057,2
IGPW,-0.03641309,0.0002673592994964,2
ASLT,0.04123126,0.1932887696084802,2
KFQA,0.06357776,0.0004812466934417,2
PLSP,-0.0070246626,0.0003167699017513,2
KVMV,0.018159969,0.0005161277934139,2
GDQY,-0.034475222,0.0,2
VTKH,0.0149251055,0.0,2
ANDY,-0.015508549,0.0,2
HNRK,-0.02355756,0.0002731968024048,2
FVTG,0.012750728,0.0007232608810399,2
ELKW,-0.02052869,0.0,2
DHER,-0.04963483,0.0007447865303524,2
YMCG,0.06966601,0.1474210552418079,2
DQNS,0.002924068,0.0,2
IKFK,0.004144771,0.0006405672220544,2
FEKS,-0.02672376,0.0,2
HSDP,0.0030690264,0.0003402423744903,2
MRNN,0.033197507,0.0003861856041039,2
QQAC,0.043031797,0.0017921424959303,2
DGVN,-0.021711247,0.0,2
WHEF,-0.029310124,0.0005128037676024,2
CAGF,0.008394344,0.1292993536472268,2
YWTF,0.007928951,0.0003554662415125,2
YTLE,-0.01524915,0.000450627080157,2
RHAY,0.019083126,0.0003410704991697,2
QPEG,-0.030134099,0.0002760090709033,2
TCIQ,-0.026021855,0.0034001122772718,2
QQMH,0.0061055254,0.0,2
VRIM,0.012712581,0.0001757361373524,2
SSVS,0.03267871,0.0003005164712323,2
KVWI,-0.0126704145,0.000536892198017,2
ETGR,-0.037687197,0.000380761592887,2
HRRE,-0.01297559,0.0005262230167317,2
WWWF,0.025430782,0.0071685699837214,2
QCCY,0.06327258,0.0018400607389917,2
TNAN,0.041010007,0.0007191041653633,2
REGA,0.028574092,0.0027398614583202,2
EARG,0.017679317,0.0004398895352164,2
WSEH,0.009172542,0.0002355753356082,2
WREC,0.006158931,0.0008020777843596,2
GMRA,0.03341876,0.0002716714597448,2
MWLH,0.052637205,0.0029049680173729,2
KSTP,0.022012813,0.0004020052278552,2
IFFC,0.027979,0.006175998756962,2
KTWV,-0.008146184,0.0013722837399809,2
FVHP,-0.020872014,0.0002731968024048,2
WVMV,0.023286922,0.1621181931964423,2
AAHL,0.016092403,0.0029791460072803,2
YRQA,0.051393613,0.0005783858552937,2
TPHL,-0.038938418,0.0,2
NCCH,0.059450254,0.0006800224098025,2
MENR,-0.024663823,0.0005224389343349,2
QEAW,0.009538753,7.483503425409912e-05,2
PYYS,-0.012258427,0.0,2
WLDK,-0.0029963423,0.000498189124607,2
EMEK,-0.073636904,0.0,2
NQYY,-0.03223218,0.0,2
YQKP,-0.022336857,0.0004739550647697,2
MVWG,0.030466182,0.005614544376388,2
DIKF,-0.0052851606,0.0,2
WFWP,0.006776912,0.0005990539344793,2
FLKS,0.006776912,0.0002708314655827,2
YALH,0.019220455,0.000695134087387,2
APLF,-0.019811528,0.0028437302744889,2
KYMY,0.009943111,0.0,2
QKLK,0.0018864702,0.000516432177168,2
GRVY,-0.013189213,0.0001644206399066,2
MQKY,0.0025731158,0.0,2
HWLG,0.05293475,0.5387570978171385,2
AVPP,-0.029333012,0.0,2
GGTY,-0.023137944,0.0,2
QQCF,0.06392108,0.0005939436656472,2
IKLN,0.004495723,0.0009501248152347,2
VKFP,0.029008968,0.0075664068546766,2
LMFD,-0.014516728,0.0024062332389493,2
IRDM,-0.0032175947,0.0005977267208772,2
YGHF,-0.030057805,0.0,2
TDAY,0.030367,0.0007820257769793,2
VNVD,0.0021229815,0.0,2
IRNT,0.01588641,0.0006815821054845,2
GCSM,-0.005079167,0.0015447423022859,2
YLAT,0.03895007,0.0519515391718399,2
QRYM,0.003740413,0.0005529474994783,2
ISDL,0.012559993,0.0004466660968158,2
QQNH,-0.0072001386,0.0,2
RKFQ,0.00466357,0.0004827319765974,2
TSEN,-0.002622502,0.0,2
KATM,0.020013912,5.310874503158405e-05,2
NFLL,0.007494075,0.0002402537378765,2
GNVN,-0.019826787,0.0002463072881964,2
HTDE,-0.031782046,0.000178748703372,2
LPDS,-0.034673586,0.000191908193437,2
MFTQ,0.01989947,5.292899084606958e-05,2
LTGC,-0.0016459394,0.1147470699467439,2
YWCA,0.16021167,0.6818925132294539,2
QNDT,-0.007764714,0.000295661966927,2
KGLQ,0.006158931,0.0002685616552706,2
KRSQ,0.023241146,0.0001992422783356,2
FEGM,-0.03866376,0.0472543260559888,2
WTKK,0.0012990069,0.0004455987564076,2
YLCY,0.059938535,0.0009213853736657,2
EEHN,-0.0622157,0.0004533482732016,2
IYEH,-0.03563489,0.000296502645867,2
EAAE,0.03580676,0.0002226407950668,2
FIGQ,-0.007459538,0.0080679586950437,2
FYFC,0.01398669,0.0166388472317472,2
RYAH,0.03164874,0.0003200106129245,2
SENW,-0.017476933,0.0,2
NHLY,-0.020246403,0.0001797760984056,2
PDVT,-0.025930302,0.0,2
PEKM,-0.04485883,0.0,2
YHHC,-0.022245305,0.0013600449337346,2
SLKF,0.011522396,0.000430868271826,2
DVHQ,-0.015157597,0.0,2
QHHT,-0.016858952,0.0015458649955703,2
IGVP,-0.029813664,0.0002846317935852,2
ILAY,0.034265622,0.0006531461346326,2
MIDW,0.00478564,0.0006763466364356,2
NRPI,-0.028806584,0.0004385191806097,2
GRSG,0.04083453,0.0001342533223917,2
VVHE,-0.0022334028,0.0,2
TQTV,-0.015806096,0.0,2
PNGE,-0.020986455,0.0004320584157286,2
HDMN,0.0033970904,0.0003191942435981,2
CKQC,-0.021131413,0.0006655538527484,2
CLLK,-0.0054224897,0.0015242393686917,2
PGAK,0.02141009,0.0004634227249246,2
ICAW,0.033891782,0.0032755008552615,2
DAGP,0.017374141,0.0,2
KQHH,-0.012678044,0.0001873116221217,2
PAQR,-0.02015485,0.0003861856041039,2
AERS,-0.02860822,0.0009479101295395,2
EMTG,-0.022344487,0.0004010388921798,2
MTWC,0.012437923,0.001714029201851,2
QFNY,0.0034428667,0.0,2
QMLD,-0.015096562,0.0,2
TFPQ,-0.019674199,0.0,2
QPPC,-0.045621768,0.0010937423605897,2
DRGP,0.008394344,0.0007603029116461,2
MMEK,-0.035581484,0.0,2
HCDT,-0.018758671,0.00055462828671,2
IKVC,-0.011068242,0.0025419081601567,2
MRKV,0.030305965,9.805961741149288e-05,2
VWHI,0.030901058,0.0,2
RRLS,0.02368365,0.0007713524870269,2
APLP,-0.020704167,0.0,2
NQCL,0.057886228,0.0004115925742679,2
TGSP,-0.006376164,0.0003616303834551,2
GQGR,-0.024259465,0.0001012331062257,2
MHGK,0.001978023,0.0011479278046601,2
QMTE,-0.036573306,0.0004437026065421,2
LDYE,-0.024885075,0.0,2
MAEC,0.021478755,0.0,2
NEAN,0.0009327959,0.0005072600343915,2
FWFE,0.0281087,0.0,2
CFCC,0.08365832,0.1758555495986071,2
GTEN,-0.034681216,0.0003241558015072,2
MLEN,-0.0069025923,0.0001936905560498,2
PMNW,-0.030958073,0.0002351957404202,2
DSLR,0.021082027,6.80022067413591e-05,2
IGNR,-0.020376103,0.0,2
HFSC,0.015718563,0.0007471583725641,2
YRFK,0.011262996,0.0003723932651762,2
GHVC,-0.021146672,0.0005939436656472,2
CGWN,-0.025655644,0.0012240404061223,2
TPPS,-0.045881167,0.0003128102879658,2
RHRF,-0.029264348,0.0001913213388199,2
AMRK,-0.032079592,0.0,2
CYNW,-0.0135401655,0.0004739550647697,2
AKKS,0.011652095,0.0,2
NWCA,0.15972339,0.056259170870231,2
KHPC,-0.021108525,0.0009337621626486,2
GPPV,-0.057393923,0.0001266438426678,2
FQRA,0.046922788,0.0028239820802146,2
TVWV,-0.014669316,0.0004285072719303,2
VKCF,0.092073545,0.0011633442083877,2
AIGM,-0.00113477,0.0790257669551404,2
LKYP,-0.015973942,0.0013211865298824,2
CQEN,-0.044233218,0.0007537598592933,2
GGHH,-0.020856755,0.0,2
KCLE,0.0008107256,0.0010340837154269,2
SQYP,-0.00453748,0.0002550084179421,2
CKLE,-0.011075871,0.000923652558996,2
EGPL,-0.051572695,0.0002709618016334,2
INIT,-0.017957585,0.0007651476008022,2
WINN,0.012033565,0.0005455993766337,2
RCLS,0.006021602,0.0024736752974097,2
MFHQ,0.015161617,0.0004500867904337,2
NMPW,-0.058606997,0.000340011261966,2
NNIM,-0.032155886,0.0003514722747048,2
HNQG,-0.0027522016,0.0,2
HMRI,-0.044553652,0.0005058927612852,2
DFNE,0.0024205279,0.0,2
EWCT,0.08670245,0.0204529829305233,2
VVHW,0.0055867266,0.0,2
DDCS,0.08065234,0.0,2
IKAQ,0.03755389,0.0007835326306373,2
QPNC,-0.01814832,0.0001967361055358,2
KEFY,-0.019300358,0.0003272073998642,2
NLSC,0.0048466753,0.0005499962210762,2
SPAT,0.0334035,0.00023919221808,2
FDMG,0.032846555,0.103468031443286,2
VRFV,0.046358213,0.0216753274843012,2
FEGK,-0.04117383,0.0,2
QKFF,0.009241207,0.0010975800839181,2
HRFW,0.017816646,8.68918037219935e-05,2
YRGK,-0.0026682783,0.0004485807356832,2
STHN,-0.0006922651,0.000145493151885,2
DNYV,-0.007764714,0.0,2
DWLC,0.043901548,0.0,2
MGWR,-0.010602849,0.0002325726988674,2
QCMN,0.010614498,0.0,2
KDTF,-0.00797959,0.0004041476694872,3
QYYI,-0.004584763,0.0026812313494874,3
WTNY,-0.065223515,0.0002963021200867,3
LSKC,0.07305361,0.0002712228161237,3
DDIA,-0.05138689,0.0,3
PPYT,-0.036308702,0.0,3
TSST,0.007597398,5.946964647632261e-05,3
ILEK,0.0035191514,0.0004703914808405,3
VKAP,0.11260003,0.0014576436956533,3
FQDE,0.0067134537,0.0,3
WFML,0.077192605,0.0080122449409427,3
SFPN,-0.058441963,0.0004837273012018,3
RDAL,0.010101419,0.0002680465881981,3
MTSV,-0.010901105,0.0008434510348644,3
EVYE,-0.013801333,0.0,3
AWWP,0.03795429,0.0,3
ENCP,0.033751998,0.0014587009926531,3
RPFN,-0.003883358,0.0005812354441851,3
YRNI,0.05236383,0.000807997118221,3
AFIT,0.010120641,0.0002792949774145,3
GNST,-0.019473534,0.0001193933006669,3
TAGY,0.014319304,0.000695134087387,3
VVVV,0.041485164,0.0015058703170064,3
SVFE,0.014939237,0.0003885842667813,3
SKFM,-0.016771652,0.000327550131178,3
HCLP,-0.020447921,0.0015477594334912,3
QYFQ,0.0058470257,0.0,3
HAFK,0.022216406,0.0001818664969211,3
AHVC,0.040866848,0.0,3
RWFC,0.01605377,0.0026298213100414,3
MRLS,0.044154573,0.0361059399706005,3
VCPL,0.012422774,0.0013884531710837,3
FDWS,0.03783794,0.0011878873312945,3
MVPC,0.0014407523,0.0018521664700759,3
LWFR,0.062803924,0.0006960439288898,3
GGEA,-0.10508682,5.507223138561e-05,3
ERKH,0.05650473,0.0007109325971546,3
RTNV,0.0070629157,0.0001537151653953,3
NSIF,-0.038099524,0.0001861965755233,3
WCNC,0.0014096536,0.0013367962692229,3
MFTG,0.06235813,0.0007356480558202,3
EMHM,-0.02109773,0.0,3
MYYY,0.0046019442,0.0001308829599457,3
EHNR,0.00089325383,0.0,3
CHAN,0.04020821,0.0014290827528438,3
YLSN,-0.010245319,0.0005455993766337,3
DPFT,-0.018491287,0.0008689175807013,3
FTYR,-0.023924787,0.0001587869725382,3
PTMA,-0.050018664,0.0004327415957632,3
CPLV,-0.030338224,0.0013123035916177,3
TGCK,0.00903732,0.0,3
YEHK,0.0060847364,0.0,3
TIVK,-0.028285053,0.0002696640334788,3
WFNA,0.042957846,0.0005327669821215,3
CEGQ,0.014748443,0.0019806767889024,3
VKER,0.010596018,0.000403106122378,3
QHHQ,-0.00090596825,0.0,3
FDKP,0.01396944,0.0,3
NECT,-0.04816204,0.0011906275839892,3
MFIM,-0.03304204,0.0001466298831153,3
QEEK,-0.0014100634,0.0003495087883508,3
RLCV,-0.0017615221,0.0017685390023628,3
IVHY,0.039759155,0.0004715734074089,3
NEWN,-0.051132914,0.0,3
YMTG,0.03595851,0.0003554662415125,3
QKPT,-0.003595423,0.0001637750085241,3
RRDE,0.029907692,0.0002342351112269,3
ICRW,0.03419437,0.0012108786334644,3
MDLI,0.014045272,0.0009826502794043,3
SYHS,-0.03466473,0.0003658600279727,3
KESI,-0.005565863,0.0003147776547276,3
DRYE,-0.074116364,0.0,3
RKFC,0.007665988,0.0015178559837075,3
FMIP,-0.036383558,0.000203123599187,3
MPAQ,0.027186703,0.0002218512462062,3
CRGH,0.01393019,0.0058835797838009,3
SMME,-0.032650072,0.0005930054058636,3
YQQY,0.013618264,0.0,3
EWLF,0.044854347,0.0021573126102196,3
VQDR,0.004824687,0.0,3
LGYV,-0.006633874,0.0009616230342366,3
GQWK,-0.03297321,0.0,3
WTYI,-0.057502057,0.0008032893846348,3
DKMG,0.020917755,0.0005393281810873,3
KCFM,-0.011751767,0.0011444280192006,3
FDVT,0.013417747,0.0005969662750752,3
TIAV,0.05588225,0.001084891264495,3
YHGN,0.054283176,0.0920453378458209,3
KHYE,-0.024423938,0.0007274658735548,3
GPPC,-0.0010792203,0.0009479101295395,3
IEWR,0.008956376,0.0,3
SDCG,0.10385056,0.0658276678595554,3
TPHF,-0.025181945,0.0,3
PSVS,-0.04033492,0.0003006534268022,3
GKLC,0.00687417,0.0005774959864782,3
MLPA,-0.07334736,0.0007878617962024,3
PMEA,-0.076258466,0.0002776422660746,3
VYVR,0.014529254,0.0002086666476201,3
QVDW,-0.0058079474,4.593398511262095e-05,3
KFKV,-0.035990972,0.0,3
FFVS,0.035199087,0.0007689535960901,3
APFW,0.02767675,0.0,3
AYIK,0.06553739,0.0,3
VERQ,0.03419188,0.0009575826166648,3
RMPG,0.0080912,0.0003122898568001,3
ECGC,0.03403767,0.1190417079854393,3
ASYY,0.032319356,0.0,3
TTPN,0.0037041195,0.0008020777843596,3
HHMA,0.06637348,0.0836022839804657,3
SSAT,0.00026178733,0.0007237766328902,3
RQFP,-0.012508038,0.0003746231301137,3
QHGT,0.014678154,0.0361212254676292,3
YMWA,0.021669913,0.0009214568188213,3
QCIL,0.019913826,0.0007894267418479,3
WVRK,0.02566817,0.0004455788978499,3
KIAP,0.02909327,0.0003434959823129,3
LCPA,0.112706274,0.0058164278428895,3
QDRP,0.002303753,0.0002646449542303,3
RAYG,0.007038977,0.065172634933688,3
NVVL,0.001017835,0.0002454934297222,3
YITK,-0.0030031018,0.0,3
EEVQ,0.020129789,0.0004698867995654,3
GDKI,0.0038264878,0.0003036993186771,3
PLDH,-0.03918777,0.0001368972496689,3
SVTC,0.025950957,0.0004468718725596,3
FGGG,0.03904276,0.0240017987123687,3
LCTM,0.018219564,0.0007473284257301,3
YDVL,0.0001485832,0.0004153316895858,3
EHDR,0.009494428,0.0,3
PGMC,-0.033732463,0.0004344587903506,3
CECK,-0.010194298,0.0004500867904337,3
DFQV,-0.038958278,0.0,3
EVFQ,0.024629023,0.0002958017757379,3
PMFS,-0.009824958,0.0003518316689462,3
CLEP,-0.019372564,0.0010075538237193,3
MDLT,0.036033902,0.1222634401980815,3
MWSH,-0.10997194,0.0005052118638434,3
NVRA,-0.0028482191,0.0003935899928617,3
NNQP,-0.013973173,0.0003959624057216,3
SIER,0.0018367581,0.0001761319389494,3
ENRQ,0.0148819275,8.363910893649365e-05,3
PPST,-0.03157832,0.000385128991882,3
HVHW,0.005077921,0.0,3
HLRD,-0.0065321736,0.0131709611211468,3
GGYS,-0.031645324,0.0002187485177698,3
NTHT,-0.015428271,0.0002639750132341,3
RPMN,-0.017921355,0.0002434321342653,3
TRVF,-0.014913034,0.0,3
GRNY,-0.039606165,0.0,3
VINI,0.031538267,0.0002085401919772,3
WWWK,0.09723605,0.0009001735808675,3
AIAI,0.09968864,0.001303376371052,3
TSKN,0.0013247244,0.0,3
PTDA,-0.09079631,8.477241627754676e-05,3
SWWI,-0.0846709,0.0,3
SQIH,-0.021762948,0.0,3
GEPF,-0.033292305,0.0,3
HCLV,-0.0026351325,0.0053045142864915,3
IGRP,0.013106752,0.0002656563711141,3
YYVW,0.025398578,0.0001468592836949,3
ENFA,0.055120382,0.0045646142167439,3
NGDQ,-0.011734974,0.0,3
MKLI,0.02843028,0.0017664583048669,3
MFKG,0.04818168,9.566061234513472e-05,3
WFKL,0.005232837,0.0014279027664794,3
YHWF,0.026113104,0.0002334405406621,3
RKDW,0.0010471903,7.141787865505873e-05,3
TIAP,0.038878802,0.0006433116975458,3
FIYV,0.001138363,0.0248180095126362,3
QPQV,0.0013658963,9.993944673822858e-05,3
LRRV,0.050202075,0.0007741793641196,3
REDA,-0.046689656,0.0003473832379057,3
IGPW,-0.01296499,0.0002673592994964,3
ASLT,0.028423775,0.1932887696084802,3
KFQA,-0.09973526,0.0004812466934417,3
PLSP,-0.06580038,0.0003167699017513,3
KVMV,0.035809685,0.0005161277934139,3
GDQY,-0.010102455,0.0,3
VTKH,0.010747645,0.0,3
ANDY,0.02604932,0.0,3
HNRK,0.014355648,0.0002731968024048,3
FVTG,0.050592516,0.0007232608810399,3
ELKW,-0.020578366,0.0,3
DHER,-0.027261864,0.0007447865303524,3
YMCG,0.18916674,0.1474210552418079,3
DQNS,-0.026544388,0.0,3
IKFK,0.022933688,0.0006405672220544,3
FEKS,0.002768416,0.0,3
HSDP,0.003675755,0.0003402423744903,3
MRNN,0.0440456,0.0003861856041039,3
QQAC,0.0043150336,0.0017921424959303,3
DGVN,-0.004017558,0.0,3
WHEF,-0.011021387,0.0005128037676024,3
CAGF,0.0006884225,0.1292993536472268,3
YWTF,-0.03645512,0.0003554662415125,3
YTLE,-0.012364116,0.000450627080157,3
RHAY,0.031381,0.0003410704991697,3
QPEG,-0.0050642453,0.0002760090709033,3
TCIQ,0.001367528,0.0034001122772718,3
QQMH,0.022156682,0.0,3
VRIM,0.002027925,0.0001757361373524,3
SSVS,0.010297995,0.0003005164712323,3
KVWI,0.0050904937,0.000536892198017,3
ETGR,-0.0071067475,0.000380761592887,3
HRRE,0.030814108,0.0005262230167317,3
WWWF,0.08192049,0.0071685699837214,3
QCCY,0.033020306,0.0018400607389917,3
TNAN,0.079271436,0.0007191041653633,3
REGA,-0.032061066,0.0027398614583202,3
EARG,0.060178157,0.0004398895352164,3
WSEH,-0.05033068,0.0002355753356082,3
WREC,0.07039864,0.0008020777843596,3
GMRA,-0.08366874,0.0002716714597448,3
MWLH,0.037661348,0.0029049680173729,3
KSTP,-0.048252095,0.0004020052278552,3
IFFC,0.036491495,0.006175998756962,3
KTWV,-0.03765146,0.0013722837399809,3
FVHP,-0.0049489625,0.0002731968024048,3
WVMV,0.06615907,0.1621181931964423,3
AAHL,0.045390908,0.0029791460072803,3
YRQA,0.08882952,0.0005783858552937,3
TPHL,-0.016996797,0.0,3
NCCH,-0.076387554,0.0006800224098025,3
MENR,-0.01812854,0.0005224389343349,3
QEAW,-0.016787928,7.483503425409912e-05,3
PYYS,-0.02810609,0.0,3
WLDK,0.0067451037,0.000498189124607,3
EMEK,-0.018246938,0.0,3
NQYY,-0.037922885,0.0,3
YQKP,0.0028862916,0.0004739550647697,3
MVWG,0.10908426,0.005614544376388,3
DIKF,-0.007221129,0.0,3
WFWP,0.043373886,0.0005990539344793,3
FLKS,0.0039307065,0.0002708314655827,3
YALH,0.02618495,0.000695134087387,3
APLF,-0.014847901,0.0028437302744889,3
KYMY,-0.05320486,0.0,3
QKLK,-0.016265448,0.000516432177168,3
GRVY,-0.06365843,0.0001644206399066,3
MQKY,-0.002537515,0.0,3
HWLG,0.15073714,0.5387570978171385,3
AVPP,0.017804418,0.0,3
GGTY,-0.015586782,0.0,3
QQCF,0.0546331,0.0005939436656472,3
IKLN,0.027537037,0.0009501248152347,3
VKFP,0.02304161,0.0075664068546766,3
LMFD,0.0047478117,0.0024062332389493,3
IRDM,0.045183685,0.0005977267208772,3
YGHF,-0.0010051467,0.0,3
TDAY,0.02699909,0.0007820257769793,3
VNVD,0.018525999,0.0,3
IRNT,0.05841044,0.0006815821054845,3
GCSM,-0.05550305,0.0015447423022859,3
YLAT,0.0533789,0.0519515391718399,3
QRYM,-0.02365033,0.0005529474994783,3
ISDL,0.093241006,0.0004466660968158,3
QQNH,0.014905114,0.0,3
RKFQ,0.006353829,0.0004827319765974,3
TSEN,0.007338006,0.0,3
KATM,-0.0056385286,5.310874503158405e-05,3
NFLL,-0.06670351,0.0002402537378765,3
GNVN,-0.014985155,0.0002463072881964,3
HTDE,-0.0028855614,0.000178748703372,3
LPDS,-0.0070533417,0.000191908193437,3
MFTQ,-0.024673607,5.292899084606958e-05,3
LTGC,0.025708351,0.1147470699467439,3
YWCA,0.466707,0.6818925132294539,3
QNDT,-0.003987279,0.000295661966927,3
KGLQ,-0.01253118,0.0002685616552706,3
KRSQ,0.043534894,0.0001992422783356,3
FEGM,0.009010915,0.0472543260559888,3
WTKK,-0.013821702,0.0004455987564076,3
YLCY,0.060689542,0.0009213853736657,3
EEHN,0.017136618,0.0004533482732016,3
IYEH,0.038956482,0.000296502645867,3
EAAE,0.07303181,0.0002226407950668,3
FIGQ,0.024992224,0.0080679586950437,3
FYFC,0.073230326,0.0166388472317472,3
RYAH,0.03674749,0.0003200106129245,3
SENW,-0.02422579,0.0,3
NHLY,-0.04154754,0.0001797760984056,3
PDVT,-0.013061989,0.0,3
PEKM,-0.037340987,0.0,3
YHHC,0.04111181,0.0013600449337346,3
SLKF,-0.047078114,0.000430868271826,3
DVHQ,0.019057345,0.0,3
QHHT,-0.0040199086,0.0015458649955703,3
IGVP,-0.0016389675,0.0002846317935852,3
ILAY,0.106832504,0.0006531461346326,3
MIDW,4.954636e-07,0.0006763466364356,3
NRPI,-0.00030991063,0.0004385191806097,3
GRSG,0.0016042106,0.0001342533223917,3
VVHE,0.04439014,0.0,3
TQTV,0.0026481189,0.0,3
PNGE,-0.016957205,0.0004320584157286,3
HDMN,0.020443816,0.0003191942435981,3
CKQC,0.014366154,0.0006655538527484,3
CLLK,-0.0065285973,0.0015242393686917,3
PGAK,-0.010567781,0.0004634227249246,3
ICAW,0.09359291,0.0032755008552615,3
DAGP,-0.014896113,0.0,3
KQHH,-0.0043211393,0.0001873116221217,3
PAQR,-0.042866234,0.0003861856041039,3
AERS,0.026643846,0.0009479101295395,3
EMTG,0.019845348,0.0004010388921798,3
MTWC,0.0014733411,0.001714029201851,3
QFNY,-0.05334912,0.0,3
QMLD,-0.024102818,0.0,3
TFPQ,-0.04719254,0.0,3
QPPC,0.00169212,0.0010937423605897,3
DRGP,-0.021637548,0.0007603029116461,3
MMEK,-0.031811398,0.0,3
HCDT,-0.013415661,0.00055462828671,3
IKVC,0.046736393,0.0025419081601567,3
MRKV,0.021356132,9.805961741149288e-05,3
VWHI,0.05197039,0.0,3
RRLS,0.020454194,0.0007713524870269,3
APLP,-0.018496659,0.0,3
NQCL,-0.0015439354,0.0004115925742679,3
TGSP,-0.032185744,0.0003616303834551,3
GQGR,-0.011402387,0.0001012331062257,3
MHGK,0.009860057,0.0011479278046601,3
QMTE,-0.013875898,0.0004437026065421,3
LDYE,-0.0039384924,0.0,3
MAEC,0.03882942,0.0,3
NEAN,-0.031017285,0.0005072600343915,3
FWFE,0.110303715,0.0,3
CFCC,0.011610899,0.1758555495986071,3
GTEN,-0.011478048,0.0003241558015072,3
MLEN,-0.060190227,0.0001936905560498,3
PMNW,-0.023516234,0.0002351957404202,3
DSLR,-0.0672131,6.80022067413591e-05,3
IGNR,0.015053708,0.0,3
HFSC,-0.017921861,0.0007471583725641,3
YRFK,0.047404032,0.0003723932651762,3
GHVC,0.0103481,0.0005939436656472,3
CGWN,-0.009635996,0.0012240404061223,3
TPPS,-0.018382672,0.0003128102879658,3
RHRF,0.024037201,0.0001913213388199,3
AMRK,-0.00092003867,0.0,3
CYNW,-0.0042268,0.0004739550647697,3
AKKS,0.0329241,0.0,3
NWCA,0.21174833,0.056259170870231,3
KHPC,0.01681758,0.0009337621626486,3
GPPV,-0.008721288,0.0001266438426678,3
FQRA,0.06501348,0.0028239820802146,3
TVWV,-0.038944717,0.0004285072719303,3
VKCF,0.06659199,0.0011633442083877,3
AIGM,0.032207917,0.0790257669551404,3
LKYP,-0.02551059,0.0013211865298824,3
CQEN,0.009551454,0.0007537598592933,3
GGHH,-0.01697148,0.0,3
KCLE,-0.015635606,0.0010340837154269,3
SQYP,-0.044926208,0.0002550084179421,3
CKLE,0.002243612,0.000923652558996,3
EGPL,-0.0136975385,0.0002709618016334,3
INIT,0.048200224,0.0007651476008022,3
WINN,-0.030199464,0.0005455993766337,3
RCLS,-0.033936303,0.0024736752974097,3
MFHQ,-0.025300842,0.0004500867904337,3
NMPW,-0.03279343,0.000340011261966,3
NNIM,-0.0015466325,0.0003514722747048,3
HNQG,0.045067046,0.0,3
HMRI,-0.012945946,0.0005058927612852,3
DFNE,-0.031257506,0.0,3
EWCT,0.061037365,0.0204529829305233,3
VVHW,0.054934774,0.0,3
DDCS,-0.03568859,0.0,3
IKAQ,0.089554936,0.0007835326306373,3
QPNC,0.004634101,0.0001967361055358,3
KEFY,-0.017598603,0.0003272073998642,3
NLSC,-0.022107791,0.0005499962210762,3
SPAT,-0.02809875,0.00023919221808,3
FDMG,0.057510514,0.103468031443286,3
VRFV,0.056563694,0.0216753274843012,3
FEGK,0.017158974,0.0,3
QKFF,-0.00958788,0.0010975800839181,3
HRFW,0.008460399,8.68918037219935e-05,3
YRGK,0.045020964,0.0004485807356832,3
STHN,-0.029708553,0.000145493151885,3
DNYV,-0.046324637,0.0,3
DWLC,0.055308003,0.0,3
MGWR,-0.027588706,0.0002325726988674,3
QCMN,0.014194269,0.0,3
KDTF,-0.0083455,0.0004041476694872,4
QYYI,-0.01317586,0.0026812313494874,4
WTNY,-0.08319409,0.0002963021200867,4
LSKC,0.10048024,0.0002712228161237,4
DDIA,-0.08131985,0.0,4
PPYT,-0.024729505,0.0,4
TSST,-0.0147628635,5.946964647632261e-05,4
ILEK,-0.024979964,0.0004703914808405,4
VKAP,0.089260444,0.0014576436956533,4
FQDE,0.04391797,0.0,4
WFML,0.080312625,0.0080122449409427,4
SFPN,-0.08124907,0.0004837273012018,4
RDAL,-0.011275962,0.0002680465881981,4
MTSV,-0.0027979463,0.0008434510348644,4
EVYE,-0.022365347,0.0,4
AWWP,0.014402136,0.0,4
ENCP,0.06878145,0.0014587009926531,4
RPFN,0.0018755347,0.0005812354441851,4
YRNI,0.049819484,0.000807997118221,4
AFIT,0.010062918,0.0002792949774145,4
GNST,-0.030835256,0.0001193933006669,4
TAGY,0.01569204,0.000695134087387,4
VVVV,-0.04075025,0.0015058703170064,4
SVFE,0.044871464,0.0003885842667813,4
SKFM,0.06529254,0.000327550131178,4
HCLP,0.00981842,0.0015477594334912,4
QYFQ,0.052177653,0.0,4
HAFK,-0.033612832,0.0001818664969211,4
AHVC,0.024304464,0.0,4
RWFC,0.101258114,0.0026298213100414,4
MRLS,0.0636024,0.0361059399706005,4
VCPL,-0.017193273,0.0013884531710837,4
FDWS,0.10156964,0.0011878873312945,4
MVPC,0.0013640672,0.0018521664700759,4
LWFR,0.15781258,0.0006960439288898,4
GGEA,-0.1587782,5.507223138561e-05,4
ERKH,0.0153199285,0.0007109325971546,4
RTNV,0.018725023,0.0001537151653953,4
NSIF,-0.051850095,0.0001861965755233,4
WCNC,-0.008935735,0.0013367962692229,4
MFTG,0.08458729,0.0007356480558202,4
EMHM,-0.031691924,0.0,4
MYYY,-0.012608752,0.0001308829599457,4
EHNR,-0.013913348,0.0,4
CHAN,-0.01610823,0.0014290827528438,4
YLSN,-0.024692342,0.0005455993766337,4
DPFT,-0.018575683,0.0008689175807013,4
FTYR,0.0317484,0.0001587869725382,4
PTMA,-0.05221258,0.0004327415957632,4
CPLV,-0.022950634,0.0013123035916177,4
TGCK,-0.0065585226,0.0,4
YEHK,-0.054878637,0.0,4
TIVK,-0.045535073,0.0002696640334788,4
WFNA,0.060488835,0.0005327669821215,4
CEGQ,0.02971299,0.0019806767889024,4
VKER,-0.01943247,0.000403106122378,4
QHHQ,0.0058673024,0.0,4
FDKP,0.013576165,0.0,4
NECT,-0.05213712,0.0011906275839892,4
MFIM,0.022142187,0.0001466298831153,4
QEEK,-0.0489489,0.0003495087883508,4
RLCV,-0.013492629,0.0017685390023628,4
IVHY,-0.029826507,0.0004715734074089,4
NEWN,-0.058258817,0.0,4
YMTG,-0.01500608,0.0003554662415125,4
QKPT,-0.005059883,0.0001637750085241,4
RRDE,0.024704918,0.0002342351112269,4
ICRW,-0.00758256,0.0012108786334644,4
MDLI,0.041389212,0.0009826502794043,4
SYHS,-0.041771546,0.0003658600279727,4
KESI,-0.02502273,0.0003147776547276,4
DRYE,-0.07716189,0.0,4
RKFC,0.04032059,0.0015178559837075,4
FMIP,-0.029558942,0.000203123599187,4
MPAQ,-0.025573537,0.0002218512462062,4
CRGH,0.045595005,0.0058835797838009,4
SMME,-0.030867383,0.0005930054058636,4
YQQY,-0.014112845,0.0,4
EWLF,0.06743993,0.0021573126102196,4
VQDR,-0.03799106,0.0,4
LGYV,0.15719156,0.0009616230342366,4
GQWK,-0.036522105,0.0,4
WTYI,-0.07624014,0.0008032893846348,4
DKMG,0.029554322,0.0005393281810873,4
KCFM,0.1296369,0.0011444280192006,4
FDVT,0.029253468,0.0005969662750752,4
TIAV,0.036243096,0.001084891264495,4
YHGN,0.10278191,0.0920453378458209,4
KHYE,-0.0034072548,0.0007274658735548,4
GPPC,-0.033465967,0.0009479101295395,4
IEWR,-0.021602198,0.0,4
SDCG,0.08904253,0.0658276678595554,4
TPHF,-0.018445358,0.0,4
PSVS,-0.0059592277,0.0003006534268022,4
GKLC,0.052035823,0.0005774959864782,4
MLPA,-0.08504723,0.0007878617962024,4
PMEA,-0.07539706,0.0002776422660746,4
VYVR,-0.06504618,0.0002086666476201,4
QVDW,0.006080821,4.593398511262095e-05,4
KFKV,0.024382457,0.0,4
FFVS,0.08282544,0.0007689535960901,4
APFW,-0.040890023,0.0,4
AYIK,0.0350392,0.0,4
VERQ,-0.06420334,0.0009575826166648,4
RMPG,-0.0033210367,0.0003122898568001,4
ECGC,0.06760998,0.1190417079854393,4
ASYY,0.027438924,0.0,4
TTPN,-0.020226166,0.0008020777843596,4
HHMA,0.16366853,0.0836022839804657,4
SSAT,-0.038939897,0.0007237766328902,4
RQFP,0.019311294,0.0003746231301137,4
QHGT,0.044066027,0.0361212254676292,4
YMWA,0.012301698,0.0009214568188213,4
QCIL,0.021325365,0.0007894267418479,4
WVRK,-0.003218457,0.0004455788978499,4
KIAP,0.0043023676,0.0003434959823129,4
LCPA,0.10081984,0.0058164278428895,4
QDRP,0.0119190365,0.0002646449542303,4
RAYG,0.013190374,0.065172634933688,4
NVVL,-0.013576195,0.0002454934297222,4
YITK,0.014952496,0.0,4
EEVQ,-0.01983361,0.0004698867995654,4
GDKI,-0.0051219612,0.0003036993186771,4
PLDH,-0.0069749206,0.0001368972496689,4
SVTC,0.05199592,0.0004468718725596,4
FGGG,0.08016224,0.0240017987123687,4
LCTM,0.028681532,0.0007473284257301,4
YDVL,0.010803357,0.0004153316895858,4
EHDR,-0.016971394,0.0,4
PGMC,-0.025691465,0.0004344587903506,4
CECK,-0.056695417,0.0004500867904337,4
DFQV,-0.042029634,0.0,4
EVFQ,0.037536696,0.0002958017757379,4
PMFS,0.011164412,0.0003518316689462,4
CLEP,0.006735638,0.0010075538237193,4
MDLT,0.06607823,0.1222634401980815,4
MWSH,-0.1056947,0.0005052118638434,4
NVRA,-0.026247248,0.0003935899928617,4
NNQP,-0.017532334,0.0003959624057216,4
SIER,-0.0047222525,0.0001761319389494,4
ENRQ,0.009358421,8.363910893649365e-05,4
PPST,-0.018433645,0.000385128991882,4
HVHW,-0.005162254,0.0,4
HLRD,-0.0089986175,0.0131709611211468,4
GGYS,-0.060785607,0.0002187485177698,4
NTHT,-0.00254412,0.0002639750132341,4
RPMN,-0.042416796,0.0002434321342653,4
TRVF,-0.024188682,0.0,4
GRNY,-0.028890982,0.0,4
VINI,0.0044596344,0.0002085401919772,4
WWWK,0.095708214,0.0009001735808675,4
AIAI,-0.042263225,0.001303376371052,4
TSKN,-0.051847592,0.0,4
PTDA,-0.09908496,8.477241627754676e-05,4
SWWI,-0.09896384,0.0,4
SQIH,-0.027770773,0.0,4
GEPF,-0.05655448,0.0,4
HCLV,0.024967387,0.0053045142864915,4
IGRP,-0.0024577528,0.0002656563711141,4
YYVW,0.03357126,0.0001468592836949,4
ENFA,0.1374727,0.0045646142167439,4
NGDQ,-0.020123526,0.0,4
MKLI,0.050341442,0.0017664583048669,4
MFKG,0.06385063,9.566061234513472e-05,4
WFKL,0.014196724,0.0014279027664794,4
YHWF,0.023033455,0.0002334405406621,4
RKDW,-0.0068923384,7.141787865505873e-05,4
TIAP,0.022958979,0.0006433116975458,4
FIYV,0.05952643,0.0248180095126362,4
QPQV,-0.004204944,9.993944673822858e-05,4
LRRV,0.07801376,0.0007741793641196,4
REDA,-0.12158792,0.0003473832379057,4
IGPW,-0.01701875,0.0002673592994964,4
ASLT,0.03449449,0.1932887696084802,4
KFQA,-0.14485095,0.0004812466934417,4
PLSP,-0.043900207,0.0003167699017513,4
KVMV,0.041144803,0.0005161277934139,4
GDQY,-0.008891299,0.0,4
VTKH,-0.02089779,0.0,4
ANDY,0.07374261,0.0,4
HNRK,0.017116442,0.0002731968024048,4
FVTG,0.17500116,0.0007232608810399,4
ELKW,-0.02459307,0.0,4
DHER,-0.036318555,0.0007447865303524,4
YMCG,0.09997775,0.1474210552418079,4
DQNS,-0.008920237,0.0,4
IKFK,-0.0079104155,0.0006405672220544,4
FEKS,-0.014352575,0.0,4
HSDP,0.014817342,0.0003402423744903,4
MRNN,0.046926394,0.0003861856041039,4
QQAC,0.0064294934,0.0017921424959303,4
DGVN,0.0074100643,0.0,4
WHEF,-0.036375895,0.0005128037676024,4
CAGF,0.018588796,0.1292993536472268,4
YWTF,-0.0389079,0.0003554662415125,4
YTLE,0.016141132,0.000450627080157,4
RHAY,0.023686662,0.0003410704991697,4
QPEG,0.001291737,0.0002760090709033,4
TCIQ,0.0014984161,0.0034001122772718,4
QQMH,0.0065621287,0.0,4
VRIM,-0.025997445,0.0001757361373524,4
SSVS,0.003512159,0.0003005164712323,4
KVWI,0.011852041,0.000536892198017,4
ETGR,0.016208395,0.000380761592887,4
HRRE,0.020474598,0.0005262230167317,4
WWWF,0.09238756,0.0071685699837214,4
QCCY,0.03731452,0.0018400607389917,4
TNAN,0.01763679,0.0007191041653633,4
REGA,-0.042220697,0.0027398614583202,4
EARG,0.033255115,0.0004398895352164,4
WSEH,-0.052591875,0.0002355753356082,4
WREC,0.10901554,0.0008020777843596,4
GMRA,-0.11930375,0.0002716714597448,4
MWLH,0.09179573,0.0029049680173729,4
KSTP,-0.041735917,0.0004020052278552,4
IFFC,0.042731002,0.006175998756962,4
KTWV,-0.02669774,0.0013722837399809,4
FVHP,0.029744819,0.0002731968024048,4
WVMV,0.053965226,0.1621181931964423,4
AAHL,-0.075905845,0.0029791460072803,4
YRQA,0.07885964,0.0005783858552937,4
TPHL,-0.009512588,0.0,4
NCCH,-0.11214213,0.0006800224098025,4
MENR,-0.021463081,0.0005224389343349,4
QEAW,-0.09008087,7.483503425409912e-05,4
PYYS,-0.0181268,0.0,4
WLDK,-0.0070368797,0.000498189124607,4
EMEK,-0.059318945,0.0,4
NQYY,-0.035119638,0.0,4
YQKP,-0.0041704923,0.0004739550647697,4
MVWG,0.18367909,0.005614544376388,4
DIKF,-0.023402438,0.0,4
WFWP,0.10152803,0.0005990539344793,4
FLKS,0.034866557,0.0002708314655827,4
YALH,0.054182097,0.000695134087387,4
APLF,-0.0849676,0.0028437302744889,4
KYMY,-0.044517055,0.0,4
QKLK,0.008019373,0.000516432177168,4
GRVY,-0.0364431,0.0001644206399066,4
MQKY,-0.0077291876,0.0,4
HWLG,0.3906088,0.5387570978171385,4
AVPP,-0.030114785,0.0,4
GGTY,-0.030816123,0.0,4
QQCF,0.038052514,0.0005939436656472,4
IKLN,0.0037587136,0.0009501248152347,4
VKFP,0.025975034,0.0075664068546766,4
LMFD,0.016511306,0.0024062332389493,4
IRDM,0.013838127,0.0005977267208772,4
YGHF,-0.01873377,0.0,4
TDAY,0.021583214,0.0007820257769793,4
VNVD,-0.039144084,0.0,4
IRNT,0.019070908,0.0006815821054845,4
GCSM,-0.0348223,0.0015447423022859,4
YLAT,0.06182109,0.0519515391718399,4
QRYM,-0.021707788,0.0005529474994783,4
ISDL,0.030427545,0.0004466660968158,4
QQNH,0.012455329,0.0,4
RKFQ,0.042148218,0.0004827319765974,4
TSEN,-0.012619123,0.0,4
KATM,0.024100855,5.310874503158405e-05,4
NFLL,-0.059843317,0.0002402537378765,4
GNVN,-0.016814873,0.0002463072881964,4
HTDE,0.017918184,0.000178748703372,4
LPDS,0.019897953,0.000191908193437,4
MFTQ,-0.024570808,5.292899084606958e-05,4
LTGC,0.11426054,0.1147470699467439,4
YWCA,0.50586754,0.6818925132294539,4
QNDT,0.011621669,0.000295661966927,4
KGLQ,0.018189743,0.0002685616552706,4
KRSQ,0.036471546,0.0001992422783356,4
FEGM,0.119967654,0.0472543260559888,4
WTKK,-0.06068711,0.0004455987564076,4
YLCY,0.06491043,0.0009213853736657,4
EEHN,-0.02354981,0.0004533482732016,4
IYEH,0.028434172,0.000296502645867,4
EAAE,0.0063628405,0.0002226407950668,4
FIGQ,0.056279913,0.0080679586950437,4
FYFC,0.24598749,0.0166388472317472,4
RYAH,0.076570556,0.0003200106129245,4
SENW,-0.038237765,0.0,4
NHLY,-0.02862762,0.0001797760984056,4
PDVT,0.015564933,0.0,4
PEKM,-0.019319668,0.0,4
YHHC,0.004830137,0.0013600449337346,4
SLKF,-0.07033269,0.000430868271826,4
DVHQ,-0.0009635836,0.0,4
QHHT,0.008098736,0.0015458649955703,4
IGVP,0.009511009,0.0002846317935852,4
ILAY,0.08483504,0.0006531461346326,4
MIDW,0.0092065185,0.0006763466364356,4
NRPI,0.010131374,0.0004385191806097,4
GRSG,0.013069883,0.0001342533223917,4
VVHE,-0.03829713,0.0,4
TQTV,-0.0026403219,0.0,4
PNGE,0.022286758,0.0004320584157286,4
HDMN,-0.003020957,0.0003191942435981,4
CKQC,0.045091406,0.0006655538527484,4
CLLK,-0.006371096,0.0015242393686917,4
PGAK,-0.0015717596,0.0004634227249246,4
ICAW,0.020405963,0.0032755008552615,4
DAGP,0.008816168,0.0,4
KQHH,-0.013003811,0.0001873116221217,4
PAQR,-0.06580429,0.0003861856041039,4
AERS,-0.03587906,0.0009479101295395,4
EMTG,-0.024472788,0.0004010388921798,4
MTWC,0.008851752,0.001714029201851,4
QFNY,-0.03519486,0.0,4
QMLD,-0.009872302,0.0,4
TFPQ,-0.053601697,0.0,4
QPPC,-0.030891195,0.0010937423605897,4
DRGP,0.023573652,0.0007603029116461,4
MMEK,-0.03648372,0.0,4
HCDT,-0.0030745715,0.00055462828671,4
IKVC,0.028087035,0.0025419081601567,4
MRKV,0.011678204,9.805961741149288e-05,4
VWHI,-0.035562053,0.0,4
RRLS,0.012831405,0.0007713524870269,4
APLP,-0.07365574,0.0,4
NQCL,-0.0053405613,0.0004115925742679,4
TGSP,-0.02872999,0.0003616303834551,4
GQGR,0.022386804,0.0001012331062257,4
MHGK,0.0014960319,0.0011479278046601,4
QMTE,-0.011853233,0.0004437026065421,4
LDYE,0.052692518,0.0,4
MAEC,0.028079465,0.0,4
NEAN,-0.1266049,0.0005072600343915,4
FWFE,0.29939908,0.0,4
CFCC,-0.018764183,0.1758555495986071,4
GTEN,-0.007927582,0.0003241558015072,4
MLEN,-0.052456543,0.0001936905560498,4
PMNW,-0.0093832165,0.0002351957404202,4
DSLR,-0.06784123,6.80022067413591e-05,4
IGNR,0.014417931,0.0,4
HFSC,-0.0072921067,0.0007471583725641,4
YRFK,0.11637266,0.0003723932651762,4
GHVC,0.027245834,0.0005939436656472,4
CGWN,-0.017412677,0.0012240404061223,4
TPPS,-0.043636188,0.0003128102879658,4
RHRF,-0.008147791,0.0001913213388199,4
AMRK,-0.08653732,0.0,4
CYNW,-0.025995329,0.0004739550647697,4
AKKS,-0.014540538,0.0,4
NWCA,0.19815208,0.056259170870231,4
KHPC,0.026073411,0.0009337621626486,4
GPPV,-0.023595706,0.0001266438426678,4
FQRA,0.08922668,0.0028239820802146,4
TVWV,-0.037134454,0.0004285072719303,4
VKCF,0.042929277,0.0011633442083877,4
AIGM,0.05140184,0.0790257669551404,4
LKYP,0.021265492,0.0013211865298824,4
CQEN,0.006321177,0.0007537598592933,4
GGHH,-0.04606019,0.0,4
KCLE,0.012571439,0.0010340837154269,4
SQYP,-0.041223183,0.0002550084179421,4
CKLE,0.06108035,0.000923652558996,4
EGPL,-0.011194214,0.0002709618016334,4
INIT,0.040553078,0.0007651476008022,4
WINN,-0.044583037,0.0005455993766337,4
RCLS,-0.017618462,0.0024736752974097,4
MFHQ,-0.035596177,0.0004500867904337,4
NMPW,-0.0297174,0.000340011261966,4
NNIM,0.017161593,0.0003514722747048,4
HNQG,0.100211605,0.0,4
HMRI,-0.020353362,0.0005058927612852,4
DFNE,-0.020979151,0.0,4
EWCT,0.08666797,0.0204529829305233,4
VVHW,-0.036754802,0.0,4
DDCS,-0.054212287,0.0,4
IKAQ,0.039826646,0.0007835326306373,4
QPNC,0.0002860874,0.0001967361055358,4
KEFY,0.008094445,0.0003272073998642,4
NLSC,-0.0099784285,0.0005499962210762,4
SPAT,-0.07150257,0.00023919221808,4
FDMG,0.10987343,0.103468031443286,4
VRFV,0.13037647,0.0216753274843012,4
FEGK,0.020899132,0.0,4
QKFF,0.026151791,0.0010975800839181,4
HRFW,0.08530338,8.68918037219935e-05,4
YRGK,0.12755589,0.0004485807356832,4
STHN,-0.035285667,0.000145493151885,4
DNYV,-0.023222104,0.0,4
DWLC,0.103457585,0.0,4
MGWR,-0.015872791,0.0002325726988674,4
QCMN,0.006427422,0.0,4
KDTF,0.0028548688,0.0004041476694872,5
QYYI,0.004848428,0.0026812313494874,5
WTNY,-0.07446948,0.0002963021200867,5
LSKC,0.06605469,0.0002712228161237,5
DDIA,-0.0267374,0.0,5
PPYT,-0.004476592,0.0,5
TSST,-0.000150159,5.946964647632261e-05,5
ILEK,-0.04016334,0.0004703914808405,5
VKAP,0.053205013,0.0014576436956533,5
FQDE,-0.011187658,0.0,5
WFML,0.07238111,0.0080122449409427,5
SFPN,-0.059419245,0.0004837273012018,5
RDAL,-0.029044792,0.0002680465881981,5
MTSV,0.005982861,0.0008434510348644,5
EVYE,-0.012471199,0.0,5
AWWP,-0.06423043,0.0,5
ENCP,0.07693657,0.0014587009926531,5
RPFN,-0.033543438,0.0005812354441851,5
YRNI,0.062867634,0.000807997118221,5
AFIT,0.011989705,0.0002792949774145,5
GNST,-0.020143934,0.0001193933006669,5
TAGY,0.009800725,0.000695134087387,5
VVVV,0.011574209,0.0015058703170064,5
SVFE,0.044528276,0.0003885842667813,5
SKFM,0.061844923,0.000327550131178,5
HCLP,0.0052805245,0.0015477594334912,5
QYFQ,0.00040093064,0.0,5
HAFK,-0.020946234,0.0001818664969211,5
AHVC,0.031952515,0.0,5
RWFC,0.09518336,0.0026298213100414,5
MRLS,0.059813797,0.0361059399706005,5
VCPL,0.004630238,0.0013884531710837,5
FDWS,0.01400587,0.0011878873312945,5
MVPC,0.011436269,0.0018521664700759,5
LWFR,0.15368631,0.0006960439288898,5
GGEA,-0.09191452,5.507223138561e-05,5
ERKH,0.004685268,0.0007109325971546,5
RTNV,-0.0060613453,0.0001537151653953,5
NSIF,-0.078365,0.0001861965755233,5
WCNC,0.012065172,0.0013367962692229,5
MFTG,0.07070294,0.0007356480558202,5
EMHM,-0.030786939,0.0,5
MYYY,-0.005811751,0.0001308829599457,5
EHNR,-0.0020472035,0.0,5
CHAN,-0.0061003864,0.0014290827528438,5
YLSN,-0.0028110072,0.0005455993766337,5
DPFT,-0.015733205,0.0008689175807013,5
FTYR,-0.030998416,0.0001587869725382,5
PTMA,-0.021981865,0.0004327415957632,5
CPLV,-0.035655506,0.0013123035916177,5
TGCK,0.010259375,0.0,5
YEHK,-0.033809006,0.0,5
TIVK,-0.024171665,0.0002696640334788,5
WFNA,0.067583755,0.0005327669821215,5
CEGQ,0.041468248,0.0019806767889024,5
VKER,-0.018803686,0.000403106122378,5
QHHQ,0.020214774,0.0,5
FDKP,-0.048441127,0.0,5
NECT,-0.051174864,0.0011906275839892,5
MFIM,0.020278335,0.0001466298831153,5
QEEK,-0.008446068,0.0003495087883508,5
RLCV,-0.009253129,0.0017685390023628,5
IVHY,-0.01990924,0.0004715734074089,5
NEWN,-0.048992574,0.0,5
YMTG,0.039821014,0.0003554662415125,5
QKPT,0.014186248,0.0001637750085241,5
RRDE,0.025892623,0.0002342351112269,5
ICRW,-0.008669674,0.0012108786334644,5
MDLI,0.03069444,0.0009826502794043,5
SYHS,-0.07046914,0.0003658600279727,5
KESI,-0.007852122,0.0003147776547276,5
DRYE,-0.048321337,0.0,5
RKFC,0.011373684,0.0015178559837075,5
FMIP,-0.040381968,0.000203123599187,5
MPAQ,-0.015393779,0.0002218512462062,5
CRGH,0.04140707,0.0058835797838009,5
SMME,-0.021172091,0.0005930054058636,5
YQQY,0.010941222,0.0,5
EWLF,-0.008461088,0.0021573126102196,5
VQDR,-0.019547239,0.0,5
LGYV,0.10148696,0.0009616230342366,5
GQWK,-0.057160944,0.0,5
WTYI,-0.03349673,0.0008032893846348,5
DKMG,0.028774165,0.0005393281810873,5
KCFM,0.10754828,0.0011444280192006,5
FDVT,-0.012581378,0.0005969662750752,5
TIAV,0.011986449,0.001084891264495,5
YHGN,0.17337018,0.0920453378458209,5
KHYE,0.010481976,0.0007274658735548,5
GPPC,0.0040587187,0.0009479101295395,5
IEWR,-0.021025568,0.0,5
SDCG,0.08199832,0.0658276678595554,5
TPHF,-0.0027516335,0.0,5
PSVS,-0.016486578,0.0003006534268022,5
GKLC,0.016054042,0.0005774959864782,5
MLPA,-0.06340322,0.0007878617962024,5
PMEA,-0.07045029,0.0002776422660746,5
VYVR,-0.025409147,0.0002086666476201,5
QVDW,-0.002589643,4.593398511262095e-05,5
KFKV,0.016746059,0.0,5
FFVS,0.03030803,0.0007689535960901,5
APFW,-0.03225822,0.0,5
AYIK,0.022079088,0.0,5
VERQ,-0.06719129,0.0009575826166648,5
RMPG,-0.0074727535,0.0003122898568001,5
ECGC,0.08678399,0.1190417079854393,5
ASYY,0.011904925,0.0,5
TTPN,0.022921026,0.0008020777843596,5
HHMA,0.15183994,0.0836022839804657,5
SSAT,-0.020958565,0.0007237766328902,5
RQFP,-0.006671332,0.0003746231301137,5
QHGT,0.060242467,0.0361212254676292,5
YMWA,0.04597318,0.0009214568188213,5
QCIL,0.024531811,0.0007894267418479,5
WVRK,-0.066498294,0.0004455788978499,5
KIAP,-0.0066108108,0.0003434959823129,5
LCPA,0.10959461,0.0058164278428895,5
QDRP,-0.015647367,0.0002646449542303,5
RAYG,0.029041424,0.065172634933688,5
NVVL,0.018981837,0.0002454934297222,5
YITK,0.019684434,0.0,5
EEVQ,0.0247918,0.0004698867995654,5
GDKI,-0.015358657,0.0003036993186771,5
PLDH,-0.0051848963,0.0001368972496689,5
SVTC,0.033091933,0.0004468718725596,5
FGGG,0.11479421,0.0240017987123687,5
LCTM,0.016250238,0.0007473284257301,5
YDVL,0.022407055,0.0004153316895858,5
EHDR,-0.0024632588,0.0,5
PGMC,-0.015531324,0.0004344587903506,5
CECK,-0.04096,0.0004500867904337,5
DFQV,-0.03744094,0.0,5
EVFQ,0.028817661,0.0002958017757379,5
PMFS,-0.01679939,0.0003518316689462,5
CLEP,-0.025592849,0.0010075538237193,5
MDLT,0.060909875,0.1222634401980815,5
MWSH,-0.11483356,0.0005052118638434,5
NVRA,-0.057275355,0.0003935899928617,5
NNQP,-0.002216503,0.0003959624057216,5
SIER,-0.010914519,0.0001761319389494,5
ENRQ,-0.0019829571,8.363910893649365e-05,5
PPST,0.0038318336,0.000385128991882,5
HVHW,0.0041233376,0.0,5
HLRD,-0.00043544918,0.0131709611211468,5
GGYS,-0.017198533,0.0002187485177698,5
NTHT,-0.0056920946,0.0002639750132341,5
RPMN,-0.0501516,0.0002434321342653,5
TRVF,-0.016421556,0.0,5
GRNY,-0.053853795,0.0,5
VINI,-0.033432066,0.0002085401919772,5
WWWK,0.06775084,0.0009001735808675,5
AIAI,-0.0032007098,0.001303376371052,5
TSKN,-0.038150877,0.0,5
PTDA,-0.048685253,8.477241627754676e-05,5
SWWI,-0.14595756,0.0,5
SQIH,-0.03935191,0.0,5
GEPF,-0.019736223,0.0,5
HCLV,0.014627665,0.0053045142864915,5
IGRP,-0.019430533,0.0002656563711141,5
YYVW,0.052314546,0.0001468592836949,5
ENFA,0.09474227,0.0045646142167439,5
NGDQ,-0.033453695,0.0,5
MKLI,0.035588197,0.0017664583048669,5
MFKG,0.068419285,9.566061234513472e-05,5
WFKL,0.02868937,0.0014279027664794,5
YHWF,0.037429765,0.0002334405406621,5
RKDW,-0.026836984,7.141787865505873e-05,5
TIAP,-0.005017206,0.0006433116975458,5
FIYV,0.0038679242,0.0248180095126362,5
QPQV,-0.009033896,9.993944673822858e-05,5
LRRV,0.040947273,0.0007741793641196,5
REDA,-0.07857466,0.0003473832379057,5
IGPW,-0.0007840991,0.0002673592994964,5
ASLT,0.022651836,0.1932887696084802,5
KFQA,-0.10500352,0.0004812466934417,5
PLSP,-0.05519271,0.0003167699017513,5
KVMV,0.02175013,0.0005161277934139,5
GDQY,-0.021965265,0.0,5
VTKH,-0.025047787,0.0,5
ANDY,0.00747931,0.0,5
HNRK,-0.009170711,0.0002731968024048,5
FVTG,0.10926139,0.0007232608810399,5
ELKW,-0.029423922,0.0,5
DHER,-0.01105354,0.0007447865303524,5
YMCG,0.16593736,0.1474210552418079,5
DQNS,-0.014365107,0.0,5
IKFK,0.00025755912,0.0006405672220544,5
FEKS,-0.00966987,0.0,5
HSDP,-0.0046969727,0.0003402423744903,5
MRNN,0.045698315,0.0003861856041039,5
QQAC,0.030591138,0.0017921424959303,5
DGVN,-0.0018451512,0.0,5
WHEF,-0.047009885,0.0005128037676024,5
CAGF,0.073383495,0.1292993536472268,5
YWTF,-0.053316787,0.0003554662415125,5
YTLE,0.01557,0.000450627080157,5
RHAY,-0.033758685,0.0003410704991697,5
QPEG,-0.04032424,0.0002760090709033,5
TCIQ,-0.00080163777,0.0034001122772718,5
QQMH,0.0035483688,0.0,5
VRIM,-0.031789385,0.0001757361373524,5
SSVS,0.015424579,0.0003005164712323,5
KVWI,0.008480355,0.000536892198017,5
ETGR,0.02952832,0.000380761592887,5
HRRE,0.046233363,0.0005262230167317,5
WWWF,0.06302345,0.0071685699837214,5
QCCY,0.028356507,0.0018400607389917,5
TNAN,0.031559467,0.0007191041653633,5
REGA,0.018518478,0.0027398614583202,5
EARG,-0.004752636,0.0004398895352164,5
WSEH,-0.061971113,0.0002355753356082,5
WREC,0.0043461174,0.0008020777843596,5
GMRA,-0.11598575,0.0002716714597448,5
MWLH,0.06194088,0.0029049680173729,5
KSTP,-0.022076145,0.0004020052278552,5
IFFC,0.03633768,0.006175998756962,5
KTWV,-0.013125196,0.0013722837399809,5
FVHP,-0.05718586,0.0002731968024048,5
WVMV,0.044102326,0.1621181931964423,5
AAHL,-0.03880754,0.0029791460072803,5
YRQA,0.083415106,0.0005783858552937,5
TPHL,-0.0020176023,0.0,5
NCCH,-0.06423436,0.0006800224098025,5
MENR,-0.009313643,0.0005224389343349,5
QEAW,-0.051926285,7.483503425409912e-05,5
PYYS,-0.0044218153,0.0,5
WLDK,0.022593215,0.000498189124607,5
EMEK,-0.02776105,0.0,5
NQYY,-0.03486824,0.0,5
YQKP,0.0008270219,0.0004739550647697,5
MVWG,0.122363195,0.005614544376388,5
DIKF,-0.017906293,0.0,5
WFWP,0.055377062,0.0005990539344793,5
FLKS,-0.009461448,0.0002708314655827,5
YALH,0.04190106,0.000695134087387,5
APLF,-0.07986051,0.0028437302744889,5
KYMY,-0.04265234,0.0,5
QKLK,0.030550092,0.000516432177168,5
GRVY,-0.043049455,0.0001644206399066,5
MQKY,-0.0070558563,0.0,5
HWLG,0.37630445,0.5387570978171385,5
AVPP,-0.032939218,0.0,5
GGTY,0.0011341274,0.0,5
QQCF,0.06869237,0.0005939436656472,5
IKLN,0.017690495,0.0009501248152347,5
VKFP,0.03304699,0.0075664068546766,5
LMFD,0.007398173,0.0024062332389493,5
IRDM,0.014984004,0.0005977267208772,5
YGHF,-0.00081178546,0.0,5
TDAY,-0.008447349,0.0007820257769793,5
VNVD,0.0007596463,0.0,5
IRNT,0.009347528,0.0006815821054845,5
GCSM,-0.022961572,0.0015447423022859,5
YLAT,0.0786659,0.0519515391718399,5
QRYM,-0.011902586,0.0005529474994783,5
ISDL,0.032494985,0.0004466660968158,5
QQNH,0.023843318,0.0,5
RKFQ,0.013230331,0.0004827319765974,5
TSEN,-0.017777316,0.0,5
KATM,0.030598253,5.310874503158405e-05,5
NFLL,-0.03720796,0.0002402537378765,5
GNVN,-0.024680093,0.0002463072881964,5
HTDE,0.012229122,0.000178748703372,5
LPDS,0.00056649,0.000191908193437,5
MFTQ,-0.016823098,5.292899084606958e-05,5
LTGC,0.09576993,0.1147470699467439,5
YWCA,0.5078882,0.6818925132294539,5
QNDT,0.016362146,0.000295661966927,5
KGLQ,0.00039605796,0.0002685616552706,5
KRSQ,0.033595987,0.0001992422783356,5
FEGM,0.15653887,0.0472543260559888,5
WTKK,-0.024397545,0.0004455987564076,5
YLCY,0.0047899634,0.0009213853736657,5
EEHN,0.01516185,0.0004533482732016,5
IYEH,0.021188304,0.000296502645867,5
EAAE,0.015499443,0.0002226407950668,5
FIGQ,0.11484816,0.0080679586950437,5
FYFC,0.03267302,0.0166388472317472,5
RYAH,0.039484717,0.0003200106129245,5
SENW,-0.023048244,0.0,5
NHLY,-0.049491137,0.0001797760984056,5
PDVT,0.0070131496,0.0,5
PEKM,-0.007820569,0.0,5
YHHC,0.0505838,0.0013600449337346,5
SLKF,-0.06410058,0.000430868271826,5
DVHQ,-0.0065884218,0.0,5
QHHT,0.030139402,0.0015458649955703,5
IGVP,0.0012783706,0.0002846317935852,5
ILAY,0.044692904,0.0006531461346326,5
MIDW,0.011761755,0.0006763466364356,5
NRPI,0.0076884553,0.0004385191806097,5
GRSG,-0.035843015,0.0001342533223917,5
VVHE,0.0128661245,0.0,5
TQTV,0.0038031638,0.0,5
PNGE,0.037842274,0.0004320584157286,5
HDMN,-0.0086027235,0.0003191942435981,5
CKQC,0.034964703,0.0006655538527484,5
CLLK,0.04101175,0.0015242393686917,5
PGAK,-0.016594574,0.0004634227249246,5
ICAW,0.06728384,0.0032755008552615,5
DAGP,0.0004570037,0.0,5
KQHH,-0.018020526,0.0001873116221217,5
PAQR,-0.043049186,0.0003861856041039,5
AERS,-0.04701662,0.0009479101295395,5
EMTG,-0.03025578,0.0004010388921798,5
MTWC,0.0076087117,0.001714029201851,5
QFNY,-0.050067544,0.0,5
QMLD,-0.0008058846,0.0,5
TFPQ,-0.024420708,0.0,5
QPPC,0.0011419952,0.0010937423605897,5
DRGP,0.012856387,0.0007603029116461,5
MMEK,-0.019160263,0.0,5
HCDT,-0.0034198016,0.00055462828671,5
IKVC,0.03858958,0.0025419081601567,5
MRKV,-0.00082492083,9.805961741149288e-05,5
VWHI,-0.12388173,0.0,5
RRLS,0.021101773,0.0007713524870269,5
APLP,-0.07719582,0.0,5
NQCL,0.002238065,0.0004115925742679,5
TGSP,-0.020996973,0.0003616303834551,5
GQGR,0.026433058,0.0001012331062257,5
MHGK,-0.022422448,0.0011479278046601,5
QMTE,-0.004342653,0.0004437026065421,5
LDYE,0.014714584,0.0,5
MAEC,0.04249972,0.0,5
NEAN,-0.0942622,0.0005072600343915,5
FWFE,0.09518131,0.0,5
CFCC,-0.007280633,0.1758555495986071,5
GTEN,-0.017773703,0.0003241558015072,5
MLEN,-0.046056047,0.0001936905560498,5
PMNW,-0.013287857,0.0002351957404202,5
DSLR,-0.041275963,6.80022067413591e-05,5
IGNR,0.022553235,0.0,5
HFSC,-0.006788969,0.0007471583725641,5
YRFK,0.13404712,0.0003723932651762,5
GHVC,0.018177152,0.0005939436656472,5
CGWN,-0.009782694,0.0012240404061223,5
TPPS,0.01031401,0.0003128102879658,5
RHRF,0.0016153455,0.0001913213388199,5
AMRK,-0.07930939,0.0,5
CYNW,-0.0045496374,0.0004739550647697,5
AKKS,0.009578496,0.0,5
NWCA,0.21113828,0.056259170870231,5
KHPC,0.03155058,0.0009337621626486,5
GPPV,0.005420238,0.0001266438426678,5
FQRA,-0.014025882,0.0028239820802146,5
TVWV,-0.03181003,0.0004285072719303,5
VKCF,0.04825954,0.0011633442083877,5
AIGM,0.03847845,0.0790257669551404,5
LKYP,0.006805435,0.0013211865298824,5
CQEN,-0.004098393,0.0007537598592933,5
GGHH,-0.02226071,0.0,5
KCLE,0.009076692,0.0010340837154269,5
SQYP,-0.033332527,0.0002550084179421,5
CKLE,0.040553577,0.000923652558996,5
EGPL,0.0010785386,0.0002709618016334,5
INIT,0.049632177,0.0007651476008022,5
WINN,-0.04592149,0.0005455993766337,5
RCLS,-0.00476066,0.0024736752974097,5
MFHQ,-0.032050088,0.0004500867904337,5
NMPW,-0.012354039,0.000340011261966,5
NNIM,0.022863388,0.0003514722747048,5
HNQG,0.08144952,0.0,5
HMRI,-0.024354234,0.0005058927612852,5
DFNE,-0.032679208,0.0,5
EWCT,0.07095918,0.0204529829305233,5
VVHW,-0.002226241,0.0,5
DDCS,-0.01021307,0.0,5
IKAQ,0.040480524,0.0007835326306373,5
QPNC,-0.009022646,0.0001967361055358,5
KEFY,0.0009049177,0.0003272073998642,5
NLSC,-0.005347736,0.0005499962210762,5
SPAT,-0.045751482,0.00023919221808,5
FDMG,0.06836583,0.103468031443286,5
VRFV,0.05820141,0.0216753274843012,5
FEGK,0.0850618,0.0,5
QKFF,0.035063542,0.0010975800839181,5
HRFW,0.054927923,8.68918037219935e-05,5
YRGK,0.15216471,0.0004485807356832,5
STHN,-0.0302848,0.000145493151885,5
DNYV,-0.010670602,0.0,5
DWLC,0.07193226,0.0,5
MGWR,-0.02319175,0.0002325726988674,5
QCMN,-0.013992965,0.0,5
